{
  "schema": "primeproject.ticket119-canonical-pair-doubling-holdout.v1",
  "generated_at": "2026-07-15T03:45:00+09:00",
  "status": "preregistered_doubling_holdout_evaluated_open",
  "claim_boundary": "TICKET119 is a preregistered finite persistence test. A pass does not prove eventual positivity or Twin Prime; a failure refutes only the frozen 8M-to-16M dyadic-persistence claim.",
  "twin_canonical_pair_doubling_holdout": {
    "theorem_name": "PreregisteredCanonicalAdjacentDyadicPairSixteenMillionHoldout",
    "source_ticket": "TICKET-118",
    "source_commit": "2852b1a086233523aaca78526e16d31ef4b4c221",
    "preregistration_commit": "87bdcf9b16c5e57581e9a411aa61290ef2eea173",
    "preregistration_payload_sha256": "59ca66805000b79e23d25a3ff3fd0043151ff0a4fe46759a30ac313e0d631ea7",
    "rule_id": "canonical_adjacent_shell_pairs_v1",
    "preregistration": {
      "schema": "primeproject.ticket119-canonical-pair-doubling-preregistration.v1",
      "registered_at": "2026-07-15T03:20:00+09:00",
      "status": "preregistered_before_holdout_execution",
      "source_commit": "2852b1a086233523aaca78526e16d31ef4b4c221",
      "source_ticket": "TICKET-118",
      "holdout_horizon": 16777216,
      "holdout_scope": "The 16M canonical adjacent-dyadic-pair endpoint statistic has not been evaluated. TICKET-118 exposed only the corresponding 8M result before this registration.",
      "rule_id": "canonical_adjacent_shell_pairs_v1",
      "partition_rule": {
        "shells": "List every nonempty truncated dyadic outer-divisor shell intersecting [U+1, floor((X+2)/(V+1))] in increasing shell order.",
        "groups": "Pair shell indices (0,1), (2,3), and so on; if the shell count is odd, retain the final shell as a singleton.",
        "denominator_policy": "Use the same partition for every right Farey denominator q=2,...,32.",
        "optimization_ban": "Do not search partitions, signs, subsets, weights, exponents, cutoffs, denominator-specific groups, or alternate primary endpoints after reading the 16M coefficients."
      },
      "primary_endpoint": {
        "quantity": "known_without_type_ii_minor - boundary_phase_lipschitz_envelope - variation_absolute_envelope - canonical_pair_numerator_budget",
        "pass_condition": "strictly greater than zero",
        "failure_condition": "less than or equal to zero",
        "meaning": "A pass is one additional finite closure. A failure refutes DyadicPersistenceFromEightMillion for the frozen rule at 16M. Neither outcome proves or disproves the Twin Prime Conjecture."
      },
      "registered_reference": {
        "horizon": 8388608,
        "finite_lower_bound": 156726.96996317152,
        "known_without_type_ii_minor": 3727382.40780772,
        "canonical_pair_numerator_budget": 3412519.6296358034,
        "normalized_margin": 0.04204746194940361,
        "use": "The 8M row is a disclosed reference only. It does not set a fitted exponent, threshold, partition, or 16M decision rule."
      },
      "secondary_endpoints": [
        "canonical adverse budget divided by known_without_type_ii_minor",
        "finite lower expression divided by known_without_type_ii_minor",
        "16M normalized margin compared descriptively with the disclosed 8M normalized margin",
        "canonical numerator budget divided by the fully signed numerator budget",
        "canonical partition compared with the best width-two contiguous partition, reported descriptively without changing the primary endpoint",
        "budget concentration by canonical group",
        "time-domain, endpoint-profile, phase, and real-Gram reconstruction errors"
      ],
      "execution_policy": {
        "runs": 1,
        "reporting": "Record the first completed 16M result whether it passes or fails. A resource failure is reported as inconclusive and does not permit a changed mathematical rule under this registration.",
        "next_scale": "Do not claim a 32M result under this registration. A later scale requires a new public registration after the 16M outcome is recorded."
      },
      "claim_boundary": "No 16M endpoint coefficients or result were used to choose this rule or endpoint. This registration tests finite persistence of one frozen bound, not eventual positivity and not any of the four conjectures."
    },
    "primary_result": {
      "status": "pass_finite_closure",
      "holdout_horizon": 16777216,
      "finite_lower_bound": 1479021.828077687,
      "passes_registered_endpoint": true,
      "interpretation": "This is exactly one post-registration 16M finite test. It is not an all-sufficiently-large-X theorem."
    },
    "scale_comparison": {
      "reference_horizon": 8388608,
      "reference_normalized_margin": 0.04204746194940361,
      "holdout_normalized_margin": 0.1973217174640551,
      "normalized_margin_change": 0.1552742555146515,
      "normalized_margin_non_decreasing": true,
      "interpretation": "The direction comparison is a registered secondary endpoint. It neither fits nor proves a scaling exponent."
    },
    "canonical_partition": {
      "group_count": 5,
      "maximum_group_width": 2,
      "groups": [
        {
          "first_block": "D256",
          "last_block": "D512",
          "block_count": 2,
          "actual_lower": 257,
          "actual_upper": 1023,
          "mean_envelope": 716754.2113598146,
          "centered_envelope": 2670861.7298376486,
          "numerator_budget": 3387615.9411974633
        },
        {
          "first_block": "D1024",
          "last_block": "D2048",
          "block_count": 2,
          "actual_lower": 1024,
          "actual_upper": 4095,
          "mean_envelope": 245871.68499942668,
          "centered_envelope": 1205837.6477767979,
          "numerator_budget": 1451709.3327762245
        },
        {
          "first_block": "D4096",
          "last_block": "D8192",
          "block_count": 2,
          "actual_lower": 4096,
          "actual_upper": 16383,
          "mean_envelope": 60221.057282967304,
          "centered_envelope": 536586.7826326403,
          "numerator_budget": 596807.8399156076
        },
        {
          "first_block": "D16384",
          "last_block": "D32768",
          "block_count": 2,
          "actual_lower": 16384,
          "actual_upper": 65535,
          "mean_envelope": 25017.8977238117,
          "centered_envelope": 249876.42072159398,
          "numerator_budget": 274894.3184454057
        },
        {
          "first_block": "D65536",
          "last_block": "D65536",
          "block_count": 1,
          "actual_lower": 65536,
          "actual_upper": 77672,
          "mean_envelope": 943.2813727508267,
          "centered_envelope": 16080.484326273465,
          "numerator_budget": 17023.76569902429
        }
      ],
      "mean_envelope": 1048808.132738771,
      "centered_envelope": 4679243.065294953,
      "numerator_budget": 5728051.198033724,
      "budget_ratio_to_signed": 1.1448737898056909,
      "adverse_budget": 6016462.435316237,
      "lower_bound": 1479021.828077687,
      "closes_finite": true,
      "adverse_to_known_ratio": 0.8026782825359449,
      "normalized_margin": 0.1973217174640551
    },
    "best_width_two_comparison": {
      "same_partition": true,
      "canonical_signature": [
        [
          "D256",
          "D512"
        ],
        [
          "D1024",
          "D2048"
        ],
        [
          "D4096",
          "D8192"
        ],
        [
          "D16384",
          "D32768"
        ],
        [
          "D65536",
          "D65536"
        ]
      ],
      "best_width_two_signature": [
        [
          "D256",
          "D512"
        ],
        [
          "D1024",
          "D2048"
        ],
        [
          "D4096",
          "D8192"
        ],
        [
          "D16384",
          "D32768"
        ],
        [
          "D65536",
          "D65536"
        ]
      ],
      "best_width_two_numerator_budget": 5728051.198033724,
      "comparison_is_secondary": true
    },
    "holdout_row": {
      "horizon": 16777216,
      "split": "post_registration_canonical_pair_doubling_holdout",
      "u": 256,
      "v": 215,
      "fft_length": 67108864,
      "denominator_cutoff": 32,
      "major_arc_count": 163,
      "minor_cell_count": 162,
      "right_denominator_group_count": 31,
      "farey_adjacency_failure_count": 0,
      "lambda_reconstruction_max_error": 0.0,
      "maximum_ramanujan_contract_error": 1.1102230246251565e-15,
      "maximum_rational_boundary_decomposition_error": 2.9103830456733704e-11,
      "type_ii_abel_identity_absolute_error": 5.072282202955647e-09,
      "endpoint_ramanujan_identity_absolute_error": 2.42868725131018e-10,
      "chord_lipschitz_failure_count": 0,
      "support_bound_failure_count": 0,
      "actual_type_ii_minor_contribution": -120718.48142252577,
      "endpoint_signed_contribution": -131886.26369126694,
      "endpoint_absolute_envelope": 7259927.002365934,
      "rational_boundary_signed_contribution": -131885.8907973821,
      "ramanujan_mean_signed_contribution": 5207.5344811118275,
      "ramanujan_mean_absolute_envelope": 1020730.1411485204,
      "centered_numerator_signed_contribution": -137093.42527849402,
      "centered_l2_support_envelope": 3989498.4474626407,
      "boundary_phase_error_signed_contribution": -0.3728938845060502,
      "boundary_phase_chord_envelope": 16.406344396092184,
      "boundary_phase_lipschitz_envelope": 16.40634439632417,
      "variation_signed_contribution": 11167.782268738332,
      "variation_absolute_envelope": 288394.8309381167,
      "known_without_type_ii_minor": 7495484.263393924,
      "denominator_group_envelope": 2802025.8489402467,
      "signed_mean_adverse_budget": 4277909.684745154,
      "signed_mean_l2_lower_bound": 3222782.113129881,
      "signed_mean_l2_closes_finite": true,
      "signed_mean_budget_to_known_ratio": 0.570731594439788,
      "sign_free_adverse_budget": 5298639.825893675,
      "sign_free_l2_lower_bound": 2196844.4375002487,
      "sign_free_l2_closes_finite": true,
      "sign_free_budget_to_known_ratio": 0.7069109399336492,
      "complex_mean_signed_contribution": 502.7079445819155,
      "complex_mean_scalar_absolute_envelope": 1029021.4775229471,
      "complex_mean_orientation_free_envelope": 1365436.0499469584,
      "complex_centered_signed_contribution": -132388.5987419641,
      "complex_centered_l2_support_envelope": 3974194.8149959333,
      "old_real_centered_numerator_budget": 5010228.588611161,
      "complex_scalar_centered_numerator_budget": 5003216.29251888,
      "complex_scalar_centering_budget_reduction": 7012.296092281118,
      "complex_scalar_centering_budget_retained_fraction": 0.9986004039599669,
      "complex_orientation_free_numerator_budget": 5339630.8649428915,
      "complex_orientation_free_budget_increase": 329402.2763317302,
      "complex_orientation_free_budget_retained_fraction": 1.0657459575957273,
      "complex_signed_mean_adverse_budget": 4262606.052278446,
      "complex_signed_mean_lower_bound": 3233380.91906006,
      "complex_signed_mean_closes_finite": true,
      "complex_sign_free_adverse_budget": 5291627.529801393,
      "complex_sign_free_lower_bound": 2203856.7335925307,
      "complex_sign_free_closes_finite": true,
      "complex_sign_free_budget_to_known_ratio": 0.7059754038367317,
      "orientation_free_adverse_budget": 5628042.102225404,
      "orientation_free_lower_bound": 1867442.1611685194,
      "orientation_free_closes_finite": true,
      "orientation_free_budget_to_known_ratio": 0.7508577037125351,
      "maximum_half_ramanujan_real_error": 1.5543122344752192e-15,
      "maximum_complex_decomposition_error": 5.820766091346741e-11,
      "aggregate_complex_decomposition_error": 5.820766091346741e-11,
      "maximum_complex_geometry_identity_error": 1.7763568394002505e-15,
      "complex_support_bound_failure_count": 0,
      "maximum_outer_divisor": 77672,
      "dyadic_block_count": 9,
      "outer_pair_count": 6635746,
      "time_domain_dyadic_reconstruction_max_error": 7.105427357601002e-14,
      "signed_mean_envelope_reconstructed": 1029021.477522936,
      "signed_centered_envelope_reconstructed": 3974194.814995993,
      "signed_numerator_budget_reconstructed": 5003216.292518929,
      "inherited_signed_numerator_budget": 5003216.29251888,
      "inherited_signed_budget_reconstruction_error": 4.842877388000488e-08,
      "independent_dyadic_mean_envelope": 1069484.3024994703,
      "independent_dyadic_centered_envelope": 6032502.875555472,
      "independent_dyadic_numerator_budget": 7101987.178054943,
      "independent_dyadic_budget_ratio": 1.4194843402381396,
      "dyadic_adverse_budget": 7390398.415337455,
      "dyadic_lower_bound": 105085.84805646818,
      "dyadic_closes_finite": true,
      "denominator_cauchy_centered_envelope": 6619139.830405678,
      "denominator_cauchy_numerator_budget": 7648161.307928613,
      "denominator_cauchy_adverse_budget": 7936572.545211126,
      "denominator_cauchy_lower_bound": -441088.28181720246,
      "denominator_cauchy_closes_finite": false,
      "denominator_cauchy_bound_slack": 2644945.0154096847,
      "best_nontrivial_contiguous_partition": {
        "group_count": 2,
        "maximum_group_width": 8,
        "groups": [
          {
            "first_block": "D256",
            "last_block": "D32768",
            "block_count": 8,
            "actual_lower": 257,
            "actual_upper": 65535,
            "mean_envelope": 1028400.4782692249,
            "centered_envelope": 3972907.6914384803,
            "numerator_budget": 5001308.169707705
          },
          {
            "first_block": "D65536",
            "last_block": "D65536",
            "block_count": 1,
            "actual_lower": 65536,
            "actual_upper": 77672,
            "mean_envelope": 943.2813727508267,
            "centered_envelope": 16080.484326273465,
            "numerator_budget": 17023.76569902429
          }
        ],
        "mean_envelope": 1029343.7596419753,
        "centered_envelope": 3988988.175764754,
        "numerator_budget": 5018331.93540673,
        "budget_ratio_to_signed": 1.0030211851745052,
        "adverse_budget": 5306743.172689242,
        "lower_bound": 2188741.0907046814,
        "closes_finite": true
      },
      "best_width_two_contiguous_partition": {
        "group_count": 5,
        "maximum_group_width": 2,
        "groups": [
          {
            "first_block": "D256",
            "last_block": "D512",
            "block_count": 2,
            "actual_lower": 257,
            "actual_upper": 1023,
            "mean_envelope": 716754.2113598146,
            "centered_envelope": 2670861.7298376486,
            "numerator_budget": 3387615.9411974633
          },
          {
            "first_block": "D1024",
            "last_block": "D2048",
            "block_count": 2,
            "actual_lower": 1024,
            "actual_upper": 4095,
            "mean_envelope": 245871.68499942668,
            "centered_envelope": 1205837.6477767979,
            "numerator_budget": 1451709.3327762245
          },
          {
            "first_block": "D4096",
            "last_block": "D8192",
            "block_count": 2,
            "actual_lower": 4096,
            "actual_upper": 16383,
            "mean_envelope": 60221.057282967304,
            "centered_envelope": 536586.7826326403,
            "numerator_budget": 596807.8399156076
          },
          {
            "first_block": "D16384",
            "last_block": "D32768",
            "block_count": 2,
            "actual_lower": 16384,
            "actual_upper": 65535,
            "mean_envelope": 25017.8977238117,
            "centered_envelope": 249876.42072159398,
            "numerator_budget": 274894.3184454057
          },
          {
            "first_block": "D65536",
            "last_block": "D65536",
            "block_count": 1,
            "actual_lower": 65536,
            "actual_upper": 77672,
            "mean_envelope": 943.2813727508267,
            "centered_envelope": 16080.484326273465,
            "numerator_budget": 17023.76569902429
          }
        ],
        "mean_envelope": 1048808.132738771,
        "centered_envelope": 4679243.065294953,
        "numerator_budget": 5728051.198033724,
        "budget_ratio_to_signed": 1.1448737898056909,
        "adverse_budget": 6016462.435316237,
        "lower_bound": 1479021.828077687,
        "closes_finite": true
      },
      "signed_lower_bound": 2203856.7335925307,
      "aggregate_diagonal_centered_energy": 69689353933.16772,
      "aggregate_off_diagonal_centered_energy": 86662065183.76831,
      "aggregate_signed_centered_energy": 156351419116.93604,
      "aggregate_cross_cancellation_fraction": -1.2435481216668685,
      "geometry_weighted_diagonal_energy": 587797638279.5519,
      "geometry_weighted_off_diagonal_energy": 825525332509.5741,
      "geometry_weighted_signed_energy": 1413322970789.126,
      "geometry_weighted_cross_cancellation_fraction": -1.4044379880903175,
      "positive_cross_pair_count": 583,
      "negative_cross_pair_count": 389,
      "maximum_profile_reconstruction_error": 2.0052539184689522e-08,
      "maximum_gram_identity_error": 7.62939453125e-06,
      "maximum_layer_phase_error": 0.0,
      "dyadic_block_profile": [
        {
          "block_index": 0,
          "label": "D256",
          "shell_lower": 256,
          "shell_upper": 511,
          "actual_lower": 257,
          "actual_upper": 511,
          "nonzero_mobius_divisor_count": 157,
          "positive_mobius_divisor_count": 77,
          "negative_mobius_divisor_count": 80,
          "outer_pair_count": 738812,
          "time_domain_l2_norm": 17209.05549364385,
          "time_domain_nonzero_count": 3938810,
          "denominator_summed_mean_envelope": 422060.69953169,
          "denominator_summed_centered_envelope": 2104118.676966964,
          "denominator_summed_budget": 2526179.3764986536,
          "denominator_summed_signed_mean_contribution": -4336.164141390994
        },
        {
          "block_index": 1,
          "label": "D512",
          "shell_lower": 512,
          "shell_upper": 1023,
          "actual_lower": 512,
          "actual_upper": 1023,
          "nonzero_mobius_divisor_count": 310,
          "positive_mobius_divisor_count": 155,
          "negative_mobius_divisor_count": 155,
          "outer_pair_count": 784601,
          "time_domain_l2_norm": 15471.338418012805,
          "time_domain_nonzero_count": 3415584,
          "denominator_summed_mean_envelope": 294751.1976031105,
          "denominator_summed_centered_envelope": 1398957.541420938,
          "denominator_summed_budget": 1693708.7390240484,
          "denominator_summed_signed_mean_contribution": -3071.70842009185
        },
        {
          "block_index": 2,
          "label": "D1024",
          "shell_lower": 1024,
          "shell_upper": 2047,
          "actual_lower": 1024,
          "actual_upper": 2047,
          "nonzero_mobius_divisor_count": 621,
          "positive_mobius_divisor_count": 316,
          "negative_mobius_divisor_count": 305,
          "outer_pair_count": 846149,
          "time_domain_l2_norm": 13890.849625949675,
          "time_domain_nonzero_count": 2943419,
          "denominator_summed_mean_envelope": 154170.7699818058,
          "denominator_summed_centered_envelope": 903402.6081533942,
          "denominator_summed_budget": 1057573.3781352,
          "denominator_summed_signed_mean_contribution": 7341.148646010413
        },
        {
          "block_index": 3,
          "label": "D2048",
          "shell_lower": 2048,
          "shell_upper": 4095,
          "actual_lower": 2048,
          "actual_upper": 4095,
          "nonzero_mobius_divisor_count": 1246,
          "positive_mobius_divisor_count": 610,
          "negative_mobius_divisor_count": 636,
          "outer_pair_count": 907976,
          "time_domain_l2_norm": 12236.123491953296,
          "time_domain_nonzero_count": 2432912,
          "denominator_summed_mean_envelope": 94649.28574155392,
          "denominator_summed_centered_envelope": 534856.0073259553,
          "denominator_summed_budget": 629505.2930675092,
          "denominator_summed_signed_mean_contribution": 10922.782504250112
        },
        {
          "block_index": 4,
          "label": "D4096",
          "shell_lower": 4096,
          "shell_upper": 8191,
          "actual_lower": 4096,
          "actual_upper": 8191,
          "nonzero_mobius_divisor_count": 2491,
          "positive_mobius_divisor_count": 1266,
          "negative_mobius_divisor_count": 1225,
          "outer_pair_count": 954312,
          "time_domain_l2_norm": 10478.642781860357,
          "time_domain_nonzero_count": 2173273,
          "denominator_summed_mean_envelope": 42325.15294139616,
          "denominator_summed_centered_envelope": 404235.536621323,
          "denominator_summed_budget": 446560.68956271914,
          "denominator_summed_signed_mean_contribution": -300.67359271532933
        },
        {
          "block_index": 5,
          "label": "D8192",
          "shell_lower": 8192,
          "shell_upper": 16383,
          "actual_lower": 8192,
          "actual_upper": 16383,
          "nonzero_mobius_divisor_count": 4980,
          "positive_mobius_divisor_count": 2463,
          "negative_mobius_divisor_count": 2517,
          "outer_pair_count": 959247,
          "time_domain_l2_norm": 8589.094385890197,
          "time_domain_nonzero_count": 1671031,
          "denominator_summed_mean_envelope": 31679.40783593027,
          "denominator_summed_centered_envelope": 302886.07474184106,
          "denominator_summed_budget": 334565.48257777136,
          "denominator_summed_signed_mean_contribution": 2102.3198637197847
        },
        {
          "block_index": 6,
          "label": "D16384",
          "shell_lower": 16384,
          "shell_upper": 32767,
          "actual_lower": 16384,
          "actual_upper": 32767,
          "nonzero_mobius_divisor_count": 9958,
          "positive_mobius_divisor_count": 5008,
          "negative_mobius_divisor_count": 4950,
          "outer_pair_count": 866934,
          "time_domain_l2_norm": 6515.997649237563,
          "time_domain_nonzero_count": 1112925,
          "denominator_summed_mean_envelope": 18222.396866525134,
          "denominator_summed_centered_envelope": 219395.05354958551,
          "denominator_summed_budget": 237617.45041611066,
          "denominator_summed_signed_mean_contribution": -8424.764413459856
        },
        {
          "block_index": 7,
          "label": "D32768",
          "shell_lower": 32768,
          "shell_upper": 65535,
          "actual_lower": 32768,
          "actual_upper": 65535,
          "nonzero_mobius_divisor_count": 19924,
          "positive_mobius_divisor_count": 9956,
          "negative_mobius_divisor_count": 9968,
          "outer_pair_count": 549890,
          "time_domain_l2_norm": 4176.004754977351,
          "time_domain_nonzero_count": 540944,
          "denominator_summed_mean_envelope": 10682.11062470769,
          "denominator_summed_centered_envelope": 148570.89244919768,
          "denominator_summed_budget": 159253.00307390536,
          "denominator_summed_signed_mean_contribution": -3684.1078597753694
        },
        {
          "block_index": 8,
          "label": "D65536",
          "shell_lower": 65536,
          "shell_upper": 131071,
          "actual_lower": 65536,
          "actual_upper": 77672,
          "nonzero_mobius_divisor_count": 7370,
          "positive_mobius_divisor_count": 3679,
          "negative_mobius_divisor_count": 3691,
          "outer_pair_count": 27825,
          "time_domain_l2_norm": 881.6616964058801,
          "time_domain_nonzero_count": 27590,
          "denominator_summed_mean_envelope": 943.2813727508267,
          "denominator_summed_centered_envelope": 16080.484326273465,
          "denominator_summed_budget": 17023.76569902429,
          "denominator_summed_signed_mean_contribution": -46.12464197808499
        }
      ],
      "aggregate_real_gram_matrix": [
        [
          43583604768.139275,
          7818516357.379102,
          9975243433.022268,
          3910181468.8398128,
          1680083665.4896488,
          1254598681.4237103,
          860407944.9024613,
          537750770.7748942,
          26020532.93130759
        ],
        [
          7818516357.379102,
          14979027794.55315,
          4973857451.006683,
          2873959228.965852,
          1952183609.0438364,
          946865440.431555,
          511766324.4707104,
          218597009.13771307,
          17336720.07876183
        ],
        [
          9975243433.022268,
          4973857451.006683,
          6703919612.941198,
          1663300286.2548227,
          1276027217.5987113,
          852873167.1337125,
          396116598.503953,
          171782326.10435557,
          17923168.827662744
        ],
        [
          3910181468.8398128,
          2873959228.965852,
          1663300286.2548227,
          2098760522.4645565,
          477321978.8425335,
          354876058.8492616,
          162643669.36633712,
          100456227.2366451,
          3120433.740534193
        ],
        [
          1680083665.4896488,
          1952183609.0438364,
          1276027217.5987113,
          477321978.8425335,
          1182080062.967898,
          136618080.51201165,
          129235158.7951853,
          65441914.55948893,
          852289.2837591025
        ],
        [
          1254598681.4237103,
          946865440.431555,
          852873167.1337125,
          354876058.8492616,
          136618080.51201165,
          646687801.8563079,
          -50290831.9909274,
          25111333.488782763,
          1283723.8233166337
        ],
        [
          860407944.9024613,
          511766324.4707104,
          396116598.503953,
          162643669.36633712,
          129235158.7951853,
          -50290831.9909274,
          337995865.6357744,
          -12592085.488899762,
          1559266.4884095043
        ],
        [
          537750770.7748942,
          218597009.13771307,
          171782326.10435557,
          100456227.2366451,
          65441914.55948893,
          25111333.488782763,
          -12592085.488899762,
          155523207.6036858,
          3972.0562053680187
        ],
        [
          26020532.93130759,
          17336720.07876183,
          17923168.827662744,
          3120433.740534193,
          852289.2837591025,
          1283723.8233166337,
          1559266.4884095043,
          3972.0562053680187,
          1754297.0058672721
        ]
      ],
      "geometry_weighted_real_gram_matrix": [
        [
          354467787834.56226,
          75898110936.47717,
          88952681727.21062,
          32178739487.26866,
          18050859568.05351,
          10650137334.87199,
          7144824480.745964,
          4934953401.543039,
          324327279.4795117
        ],
        [
          75898110936.47717,
          135512274557.00255,
          47731114385.814384,
          29721261996.69885,
          19363971235.19823,
          10205941170.87273,
          5536039817.233523,
          2474642488.618761,
          139669024.9674074
        ],
        [
          88952681727.21062,
          47731114385.814384,
          58724695159.84005,
          16049401191.537834,
          13535404174.395,
          8295663122.123131,
          3788896079.330806,
          1283614943.4653463,
          170371914.0482914
        ],
        [
          32178739487.26866,
          29721261996.69885,
          16049401191.537834,
          18900987873.706383,
          5786979521.807655,
          3396853056.946165,
          1602067595.3134134,
          1026791509.520371,
          28816183.99751289
        ],
        [
          18050859568.05351,
          19363971235.19823,
          13535404174.395,
          5786979521.807655,
          10582676810.664227,
          2157103025.298082,
          1676177587.8794913,
          737616035.6728512,
          15094402.37231547
        ],
        [
          10650137334.87199,
          10205941170.87273,
          8295663122.123131,
          3396853056.946165,
          2157103025.298082,
          5536900230.987322,
          -284594530.31905365,
          164434272.8393475,
          13340657.362744499
        ],
        [
          7144824480.745964,
          5536039817.233523,
          3788896079.330806,
          1602067595.3134134,
          1676177587.8794913,
          -284594530.31905365,
          2817832748.1650314,
          -2071256.8238027096,
          11248792.194288876
        ],
        [
          4934953401.543039,
          2474642488.618761,
          1283614943.4653463,
          1026791509.520371,
          737616035.6728512,
          164434272.8393475,
          -2071256.8238027096,
          1240583053.8893147,
          2183640.7709246497
        ],
        [
          324327279.4795117,
          139669024.9674074,
          170371914.0482914,
          28816183.99751289,
          15094402.37231547,
          13340657.362744499,
          11248792.194288876,
          2183640.7709246497,
          13900010.734693272
        ]
      ],
      "geometry_weighted_block_pair_profile": [
        {
          "left_block": "D256",
          "right_block": "D1024",
          "geometry_weighted_interaction_energy": 177905363454.42123,
          "effect": "adverse_reinforcement"
        },
        {
          "left_block": "D256",
          "right_block": "D512",
          "geometry_weighted_interaction_energy": 151796221872.95435,
          "effect": "adverse_reinforcement"
        },
        {
          "left_block": "D512",
          "right_block": "D1024",
          "geometry_weighted_interaction_energy": 95462228771.62877,
          "effect": "adverse_reinforcement"
        },
        {
          "left_block": "D256",
          "right_block": "D2048",
          "geometry_weighted_interaction_energy": 64357478974.53732,
          "effect": "adverse_reinforcement"
        },
        {
          "left_block": "D512",
          "right_block": "D2048",
          "geometry_weighted_interaction_energy": 59442523993.3977,
          "effect": "adverse_reinforcement"
        },
        {
          "left_block": "D512",
          "right_block": "D4096",
          "geometry_weighted_interaction_energy": 38727942470.39646,
          "effect": "adverse_reinforcement"
        },
        {
          "left_block": "D256",
          "right_block": "D4096",
          "geometry_weighted_interaction_energy": 36101719136.10702,
          "effect": "adverse_reinforcement"
        },
        {
          "left_block": "D1024",
          "right_block": "D2048",
          "geometry_weighted_interaction_energy": 32098802383.07567,
          "effect": "adverse_reinforcement"
        },
        {
          "left_block": "D1024",
          "right_block": "D4096",
          "geometry_weighted_interaction_energy": 27070808348.79,
          "effect": "adverse_reinforcement"
        },
        {
          "left_block": "D256",
          "right_block": "D8192",
          "geometry_weighted_interaction_energy": 21300274669.74398,
          "effect": "adverse_reinforcement"
        },
        {
          "left_block": "D512",
          "right_block": "D8192",
          "geometry_weighted_interaction_energy": 20411882341.74546,
          "effect": "adverse_reinforcement"
        },
        {
          "left_block": "D1024",
          "right_block": "D8192",
          "geometry_weighted_interaction_energy": 16591326244.246262,
          "effect": "adverse_reinforcement"
        },
        {
          "left_block": "D256",
          "right_block": "D16384",
          "geometry_weighted_interaction_energy": 14289648961.491928,
          "effect": "adverse_reinforcement"
        },
        {
          "left_block": "D2048",
          "right_block": "D4096",
          "geometry_weighted_interaction_energy": 11573959043.61531,
          "effect": "adverse_reinforcement"
        },
        {
          "left_block": "D512",
          "right_block": "D16384",
          "geometry_weighted_interaction_energy": 11072079634.467047,
          "effect": "adverse_reinforcement"
        },
        {
          "left_block": "D256",
          "right_block": "D32768",
          "geometry_weighted_interaction_energy": 9869906803.086079,
          "effect": "adverse_reinforcement"
        },
        {
          "left_block": "D1024",
          "right_block": "D16384",
          "geometry_weighted_interaction_energy": 7577792158.661612,
          "effect": "adverse_reinforcement"
        },
        {
          "left_block": "D2048",
          "right_block": "D8192",
          "geometry_weighted_interaction_energy": 6793706113.89233,
          "effect": "adverse_reinforcement"
        },
        {
          "left_block": "D512",
          "right_block": "D32768",
          "geometry_weighted_interaction_energy": 4949284977.237522,
          "effect": "adverse_reinforcement"
        },
        {
          "left_block": "D4096",
          "right_block": "D8192",
          "geometry_weighted_interaction_energy": 4314206050.596164,
          "effect": "adverse_reinforcement"
        },
        {
          "left_block": "D4096",
          "right_block": "D16384",
          "geometry_weighted_interaction_energy": 3352355175.7589827,
          "effect": "adverse_reinforcement"
        },
        {
          "left_block": "D2048",
          "right_block": "D16384",
          "geometry_weighted_interaction_energy": 3204135190.626827,
          "effect": "adverse_reinforcement"
        },
        {
          "left_block": "D1024",
          "right_block": "D32768",
          "geometry_weighted_interaction_energy": 2567229886.9306927,
          "effect": "adverse_reinforcement"
        },
        {
          "left_block": "D2048",
          "right_block": "D32768",
          "geometry_weighted_interaction_energy": 2053583019.040742,
          "effect": "adverse_reinforcement"
        },
        {
          "left_block": "D4096",
          "right_block": "D32768",
          "geometry_weighted_interaction_energy": 1475232071.3457024,
          "effect": "adverse_reinforcement"
        },
        {
          "left_block": "D256",
          "right_block": "D65536",
          "geometry_weighted_interaction_energy": 648654558.9590234,
          "effect": "adverse_reinforcement"
        },
        {
          "left_block": "D8192",
          "right_block": "D16384",
          "geometry_weighted_interaction_energy": -569189060.6381073,
          "effect": "favorable_cancellation"
        },
        {
          "left_block": "D1024",
          "right_block": "D65536",
          "geometry_weighted_interaction_energy": 340743828.0965828,
          "effect": "adverse_reinforcement"
        },
        {
          "left_block": "D8192",
          "right_block": "D32768",
          "geometry_weighted_interaction_energy": 328868545.678695,
          "effect": "adverse_reinforcement"
        },
        {
          "left_block": "D512",
          "right_block": "D65536",
          "geometry_weighted_interaction_energy": 279338049.9348148,
          "effect": "adverse_reinforcement"
        },
        {
          "left_block": "D2048",
          "right_block": "D65536",
          "geometry_weighted_interaction_energy": 57632367.99502578,
          "effect": "adverse_reinforcement"
        },
        {
          "left_block": "D4096",
          "right_block": "D65536",
          "geometry_weighted_interaction_energy": 30188804.74463094,
          "effect": "adverse_reinforcement"
        },
        {
          "left_block": "D8192",
          "right_block": "D65536",
          "geometry_weighted_interaction_energy": 26681314.725488998,
          "effect": "adverse_reinforcement"
        },
        {
          "left_block": "D16384",
          "right_block": "D65536",
          "geometry_weighted_interaction_energy": 22497584.38857775,
          "effect": "adverse_reinforcement"
        },
        {
          "left_block": "D32768",
          "right_block": "D65536",
          "geometry_weighted_interaction_energy": 4367281.541849299,
          "effect": "adverse_reinforcement"
        },
        {
          "left_block": "D16384",
          "right_block": "D32768",
          "geometry_weighted_interaction_energy": -4142513.647605419,
          "effect": "favorable_cancellation"
        }
      ],
      "dyadic_denominator_profile": [
        {
          "right_denominator": 2,
          "numerator_count": 1,
          "signed_mean_envelope": 388661.76911644643,
          "independent_dyadic_mean_envelope": 388665.1863290861,
          "block_mean_signed_contributions": [
            154872.54278011186,
            108860.21652526208,
            60357.51115707423,
            38710.49657947318,
            11874.038181756374,
            10004.574941402883,
            3309.0322336971994,
            675.0653239884359,
            -1.708606319790342
          ],
          "signed_centered_envelope": 0.0,
          "independent_dyadic_centered_envelope": 0.0,
          "diagonal_centered_energy": 0.0,
          "off_diagonal_centered_energy": 0.0,
          "signed_centered_energy": 0.0,
          "projected_phase_l2_norm": 0.0,
          "geometry_weighted_off_diagonal_energy": 0.0,
          "cross_cancellation_fraction": 0.0,
          "gram_identity_error": 0.0,
          "real_gram_matrix": [
            [
              0.0,
              0.0,
              0.0,
              0.0,
              0.0,
              0.0,
              0.0,
              0.0,
              0.0
            ],
            [
              0.0,
              0.0,
              0.0,
              0.0,
              0.0,
              0.0,
              0.0,
              0.0,
              0.0
            ],
            [
              0.0,
              0.0,
              0.0,
              0.0,
              0.0,
              0.0,
              0.0,
              0.0,
              0.0
            ],
            [
              0.0,
              0.0,
              0.0,
              0.0,
              0.0,
              0.0,
              0.0,
              0.0,
              0.0
            ],
            [
              0.0,
              0.0,
              0.0,
              0.0,
              0.0,
              0.0,
              0.0,
              0.0,
              0.0
            ],
            [
              0.0,
              0.0,
              0.0,
              0.0,
              0.0,
              0.0,
              0.0,
              0.0,
              0.0
            ],
            [
              0.0,
              0.0,
              0.0,
              0.0,
              0.0,
              0.0,
              0.0,
              0.0,
              0.0
            ],
            [
              0.0,
              0.0,
              0.0,
              0.0,
              0.0,
              0.0,
              0.0,
              0.0,
              0.0
            ],
            [
              0.0,
              0.0,
              0.0,
              0.0,
              0.0,
              0.0,
              0.0,
              0.0,
              0.0
            ]
          ]
        },
        {
          "right_denominator": 3,
          "numerator_count": 1,
          "signed_mean_envelope": 85760.95912498089,
          "independent_dyadic_mean_envelope": 91241.20416268319,
          "block_mean_signed_contributions": [
            -33517.86358196531,
            -26645.203686272824,
            -10857.084558305429,
            -6451.829784960716,
            -4714.848451480217,
            2740.1225188511453,
