{
  "schema": "primeproject.ticket118-canonical-adjacent-pair-holdout.v1",
  "generated_at": "2026-07-15T02:05:00+09:00",
  "status": "preregistered_holdout_evaluated_open",
  "claim_boundary": "TICKET118 is a preregistered finite holdout. A pass does not prove an eventual bound or the Twin Prime Conjecture; a failure does not disprove Twin Prime and only refutes finite closure of the frozen rule at 8M.",
  "twin_canonical_adjacent_pair_holdout": {
    "theorem_name": "PreregisteredCanonicalAdjacentDyadicPairEightMillionHoldout",
    "source_ticket": "TICKET-117",
    "source_commit": "c6d6ee13d9d53b87c6b672572444c07d53dd04ab",
    "preregistration_commit": "5b52d4d58873afc512555ba6079d4280f61757ae",
    "preregistration_payload_sha256": "0672668251673405739b93469e1bfc6f5a603bbc7a31164e6b84c3f51e352470",
    "rule_id": "canonical_adjacent_shell_pairs_v1",
    "preregistration": {
      "schema": "primeproject.ticket118-canonical-adjacent-pair-preregistration.v1",
      "registered_at": "2026-07-15T02:05:00+09:00",
      "status": "preregistered_before_holdout_execution",
      "source_commit": "c6d6ee13d9d53b87c6b672572444c07d53dd04ab",
      "source_ticket": "TICKET-117",
      "holdout_horizon": 8388608,
      "holdout_scope": "This scale appeared in earlier PrimeProject tracks, but the canonical adjacent-dyadic-pair endpoint statistic has not been evaluated at this horizon.",
      "rule_id": "canonical_adjacent_shell_pairs_v1",
      "partition_rule": {
        "shells": "List every nonempty truncated dyadic outer-divisor shell intersecting [U+1, floor((X+2)/(V+1))] in increasing shell order.",
        "groups": "Pair shell indices (0,1), (2,3), and so on; if the shell count is odd, retain the final shell as a singleton.",
        "denominator_policy": "Use the same partition for every right Farey denominator q=2,...,32.",
        "optimization_ban": "Do not search partitions, signs, subsets, weights, exponents, or denominator-specific groupings after reading the 8M endpoint coefficients."
      },
      "primary_endpoint": {
        "quantity": "known_without_type_ii_minor - boundary_phase_lipschitz_envelope - variation_absolute_envelope - canonical_pair_numerator_budget",
        "pass_condition": "strictly greater than zero",
        "failure_condition": "less than or equal to zero",
        "meaning": "A pass is one post-registration finite closure only. A failure refutes finite closure of this frozen rule at 8M. Neither outcome proves or disproves the Twin Prime Conjecture."
      },
      "secondary_endpoints": [
        "canonical numerator budget divided by the fully signed numerator budget",
        "canonical partition compared with the best width-two contiguous partition, reported descriptively without changing the primary endpoint",
        "budget concentration by canonical group",
        "time-domain, endpoint-profile, phase, and real-Gram reconstruction errors"
      ],
      "claim_boundary": "No 8M result was used to choose this rule or endpoint. The registration does not assert that the primary endpoint will pass, that the rule is eventually stable, or that any of the four conjectures is proved."
    },
    "primary_result": {
      "status": "pass_finite_closure",
      "holdout_horizon": 8388608,
      "finite_lower_bound": 156726.96996317152,
      "passes_registered_endpoint": true,
      "interpretation": "This is exactly one post-registration finite test. It is not an all-sufficiently-large-X theorem."
    },
    "canonical_partition": {
      "group_count": 5,
      "maximum_group_width": 2,
      "groups": [
        {
          "first_block": "D128",
          "last_block": "D256",
          "block_count": 2,
          "actual_lower": 204,
          "actual_upper": 511,
          "mean_envelope": 281827.60089031287,
          "centered_envelope": 1316630.7784826711,
          "numerator_budget": 1598458.379372984
        },
        {
          "first_block": "D512",
          "last_block": "D1024",
          "block_count": 2,
          "actual_lower": 512,
          "actual_upper": 2047,
          "mean_envelope": 199199.30201635195,
          "centered_envelope": 925734.3167203214,
          "numerator_budget": 1124933.6187366734
        },
        {
          "first_block": "D2048",
          "last_block": "D4096",
          "block_count": 2,
          "actual_lower": 2048,
          "actual_upper": 8191,
          "mean_envelope": 58429.507647273604,
          "centered_envelope": 375106.67153661256,
          "numerator_budget": 433536.17918388615
        },
        {
          "first_block": "D8192",
          "last_block": "D16384",
          "block_count": 2,
          "actual_lower": 8192,
          "actual_upper": 32767,
          "mean_envelope": 17528.893060060185,
          "centered_envelope": 194258.6384386039,
          "numerator_budget": 211787.5314986641
        },
        {
          "first_block": "D32768",
          "last_block": "D32768",
          "block_count": 1,
          "actual_lower": 32768,
          "actual_upper": 48770,
          "mean_envelope": 2046.1221866934936,
          "centered_envelope": 41757.79865690205,
          "numerator_budget": 43803.920843595544
        }
      ],
      "mean_envelope": 559031.4258006924,
      "centered_envelope": 2853488.203835111,
      "numerator_budget": 3412519.6296358034,
      "budget_ratio_to_signed": 1.1938754058888312,
      "adverse_budget": 3570655.437844546,
      "lower_bound": 156726.96996317152,
      "closes_finite": true
    },
    "best_width_two_comparison": {
      "same_partition": true,
      "canonical_signature": [
        [
          "D128",
          "D256"
        ],
        [
          "D512",
          "D1024"
        ],
        [
          "D2048",
          "D4096"
        ],
        [
          "D8192",
          "D16384"
        ],
        [
          "D32768",
          "D32768"
        ]
      ],
      "best_width_two_signature": [
        [
          "D128",
          "D256"
        ],
        [
          "D512",
          "D1024"
        ],
        [
          "D2048",
          "D4096"
        ],
        [
          "D8192",
          "D16384"
        ],
        [
          "D32768",
          "D32768"
        ]
      ],
      "best_width_two_numerator_budget": 3412519.6296358034,
      "comparison_is_secondary": true
    },
    "holdout_row": {
      "horizon": 8388608,
      "split": "post_registration_canonical_pair_holdout",
      "u": 203,
      "v": 171,
      "fft_length": 33554432,
      "denominator_cutoff": 32,
      "major_arc_count": 163,
      "minor_cell_count": 162,
      "right_denominator_group_count": 31,
      "farey_adjacency_failure_count": 0,
      "lambda_reconstruction_max_error": 0.0,
      "maximum_ramanujan_contract_error": 1.1102230246251565e-15,
      "maximum_rational_boundary_decomposition_error": 1.4551915228366852e-11,
      "type_ii_abel_identity_absolute_error": 1.3161239976290396e-09,
      "endpoint_ramanujan_identity_absolute_error": 5.582424800198993e-11,
      "chord_lipschitz_failure_count": 0,
      "support_bound_failure_count": 0,
      "actual_type_ii_minor_contribution": -34998.588623262316,
      "endpoint_signed_contribution": -43800.339596244594,
      "endpoint_absolute_envelope": 3980125.425355168,
      "rational_boundary_signed_contribution": -43800.37806218404,
      "ramanujan_mean_signed_contribution": 12497.69349203103,
      "ramanujan_mean_absolute_envelope": 549887.2422683579,
      "centered_numerator_signed_contribution": -56298.07155421506,
      "centered_l2_support_envelope": 2323428.8924511396,
      "boundary_phase_error_signed_contribution": 0.03846593937725683,
      "boundary_phase_chord_envelope": 17.69341477422209,
      "boundary_phase_lipschitz_envelope": 17.693414774468945,
      "variation_signed_contribution": 8801.750972983355,
      "variation_absolute_envelope": 158118.11479396818,
      "known_without_type_ii_minor": 3727382.4078077176,
      "denominator_group_envelope": 1491333.763115961,
      "signed_mean_adverse_budget": 2481564.7006598823,
      "signed_mean_l2_lower_bound": 1258315.4006398665,
      "signed_mean_l2_closes_finite": true,
      "signed_mean_budget_to_known_ratio": 0.6657660602415703,
      "sign_free_adverse_budget": 3031451.94292824,
      "sign_free_l2_lower_bound": 695930.4648794774,
      "sign_free_l2_closes_finite": true,
      "sign_free_budget_to_known_ratio": 0.8132924425941064,
      "complex_mean_signed_contribution": 13055.227239739648,
      "complex_mean_scalar_absolute_envelope": 549924.3715973955,
      "complex_mean_orientation_free_envelope": 723285.6585627445,
      "complex_centered_signed_contribution": -56855.60530192361,
      "complex_centered_l2_support_envelope": 2308430.539479126,
      "old_real_centered_numerator_budget": 2873316.1347194975,
      "complex_scalar_centered_numerator_budget": 2858354.9110765215,
      "complex_scalar_centering_budget_reduction": 14961.223642976023,
      "complex_scalar_centering_budget_retained_fraction": 0.9947930464517311,
      "complex_orientation_free_numerator_budget": 3031716.1980418707,
      "complex_orientation_free_budget_increase": 158400.0633223732,
      "complex_orientation_free_budget_retained_fraction": 1.0551279622205012,
      "complex_signed_mean_adverse_budget": 2466566.347687869,
      "complex_signed_mean_lower_bound": 1273871.2873595883,
      "complex_signed_mean_closes_finite": true,
      "complex_sign_free_adverse_budget": 3016490.719285264,
      "complex_sign_free_lower_bound": 710891.6885224534,
      "complex_sign_free_closes_finite": true,
      "complex_sign_free_budget_to_known_ratio": 0.8092785738771117,
      "orientation_free_adverse_budget": 3189852.0062506134,
      "orientation_free_lower_bound": 537530.4015571042,
      "orientation_free_closes_finite": true,
      "orientation_free_budget_to_known_ratio": 0.8557887700411034,
      "maximum_half_ramanujan_real_error": 1.5543122344752192e-15,
      "maximum_complex_decomposition_error": 2.9103830456733704e-11,
      "aggregate_complex_decomposition_error": 7.275957614183426e-11,
      "maximum_complex_geometry_identity_error": 1.7763568394002505e-15,
      "complex_support_bound_failure_count": 0,
      "maximum_outer_divisor": 48770,
      "dyadic_block_count": 9,
      "outer_pair_count": 3289431,
      "time_domain_dyadic_reconstruction_max_error": 4.973799150320701e-14,
      "signed_mean_envelope_reconstructed": 549924.3715973925,
      "signed_centered_envelope_reconstructed": 2308430.5394791183,
      "signed_numerator_budget_reconstructed": 2858354.911076511,
      "inherited_signed_numerator_budget": 2858354.9110765215,
      "inherited_signed_budget_reconstruction_error": 1.0710209608078003e-08,
      "independent_dyadic_mean_envelope": 588752.9455785379,
      "independent_dyadic_centered_envelope": 3838003.981011277,
      "independent_dyadic_numerator_budget": 4426756.926589815,
      "independent_dyadic_budget_ratio": 1.548707933166569,
      "dyadic_adverse_budget": 4584892.734798558,
      "dyadic_lower_bound": -857510.3269908405,
      "dyadic_closes_finite": false,
      "denominator_cauchy_centered_envelope": 3721269.3439947944,
      "denominator_cauchy_numerator_budget": 4271193.715592187,
      "denominator_cauchy_adverse_budget": 4429329.52380093,
      "denominator_cauchy_lower_bound": -701947.1159932124,
      "denominator_cauchy_closes_finite": false,
      "denominator_cauchy_bound_slack": 1412838.804515676,
      "best_nontrivial_contiguous_partition": {
        "group_count": 2,
        "maximum_group_width": 8,
        "groups": [
          {
            "first_block": "D128",
            "last_block": "D16384",
            "block_count": 8,
            "actual_lower": 204,
            "actual_upper": 32767,
            "mean_envelope": 549235.2638604192,
            "centered_envelope": 2303410.2033247924,
            "numerator_budget": 2852645.4671852114
          },
          {
            "first_block": "D32768",
            "last_block": "D32768",
            "block_count": 1,
            "actual_lower": 32768,
            "actual_upper": 48770,
            "mean_envelope": 2046.1221866934936,
            "centered_envelope": 41757.79865690205,
            "numerator_budget": 43803.920843595544
          }
        ],
        "mean_envelope": 551281.3860471126,
        "centered_envelope": 2345168.0019816943,
        "numerator_budget": 2896449.388028807,
        "budget_ratio_to_signed": 1.0133274131930485,
        "adverse_budget": 3054585.1962375497,
        "lower_bound": 672797.2115701679,
        "closes_finite": true
      },
      "best_width_two_contiguous_partition": {
        "group_count": 5,
        "maximum_group_width": 2,
        "groups": [
          {
            "first_block": "D128",
            "last_block": "D256",
            "block_count": 2,
            "actual_lower": 204,
            "actual_upper": 511,
            "mean_envelope": 281827.60089031287,
            "centered_envelope": 1316630.7784826711,
            "numerator_budget": 1598458.379372984
          },
          {
            "first_block": "D512",
            "last_block": "D1024",
            "block_count": 2,
            "actual_lower": 512,
            "actual_upper": 2047,
            "mean_envelope": 199199.30201635195,
            "centered_envelope": 925734.3167203214,
            "numerator_budget": 1124933.6187366734
          },
          {
            "first_block": "D2048",
            "last_block": "D4096",
            "block_count": 2,
            "actual_lower": 2048,
            "actual_upper": 8191,
            "mean_envelope": 58429.507647273604,
            "centered_envelope": 375106.67153661256,
            "numerator_budget": 433536.17918388615
          },
          {
            "first_block": "D8192",
            "last_block": "D16384",
            "block_count": 2,
            "actual_lower": 8192,
            "actual_upper": 32767,
            "mean_envelope": 17528.893060060185,
            "centered_envelope": 194258.6384386039,
            "numerator_budget": 211787.5314986641
          },
          {
            "first_block": "D32768",
            "last_block": "D32768",
            "block_count": 1,
            "actual_lower": 32768,
            "actual_upper": 48770,
            "mean_envelope": 2046.1221866934936,
            "centered_envelope": 41757.79865690205,
            "numerator_budget": 43803.920843595544
          }
        ],
        "mean_envelope": 559031.4258006924,
        "centered_envelope": 2853488.203835111,
        "numerator_budget": 3412519.6296358034,
        "budget_ratio_to_signed": 1.1938754058888312,
        "adverse_budget": 3570655.437844546,
        "lower_bound": 156726.96996317152,
        "closes_finite": true
      },
      "signed_lower_bound": 710891.6885224534,
      "aggregate_diagonal_centered_energy": 20765676224.213253,
      "aggregate_off_diagonal_centered_energy": 28996660863.953655,
      "aggregate_signed_centered_energy": 49762337088.16691,
      "aggregate_cross_cancellation_fraction": -1.396374505258966,
      "geometry_weighted_diagonal_energy": 172047056327.5253,
      "geometry_weighted_off_diagonal_energy": 274657638206.52145,
      "geometry_weighted_signed_energy": 446704694534.04675,
      "geometry_weighted_cross_cancellation_fraction": -1.5964099826483331,
      "positive_cross_pair_count": 572,
      "negative_cross_pair_count": 400,
      "maximum_profile_reconstruction_error": 3.6088749766349792e-09,
      "maximum_gram_identity_error": 7.62939453125e-06,
      "maximum_layer_phase_error": 0.0,
      "dyadic_block_profile": [
        {
          "block_index": 0,
          "label": "D128",
          "shell_lower": 128,
          "shell_upper": 255,
          "actual_lower": 204,
          "actual_upper": 255,
          "nonzero_mobius_divisor_count": 32,
          "positive_mobius_divisor_count": 18,
          "negative_mobius_divisor_count": 14,
          "outer_pair_count": 125671,
          "time_domain_l2_norm": 6646.532165368491,
          "time_domain_nonzero_count": 767973,
          "denominator_summed_mean_envelope": 88119.28060528343,
          "denominator_summed_centered_envelope": 944607.5044566498,
          "denominator_summed_budget": 1032726.7850619332,
          "denominator_summed_signed_mean_contribution": 7278.308020807339
        },
        {
          "block_index": 1,
          "label": "D256",
          "shell_lower": 256,
          "shell_upper": 511,
          "actual_lower": 256,
          "actual_upper": 511,
          "nonzero_mobius_divisor_count": 157,
          "positive_mobius_divisor_count": 77,
          "negative_mobius_divisor_count": 80,
          "outer_pair_count": 397920,
          "time_domain_l2_norm": 11222.290373575805,
          "time_domain_nonzero_count": 1890846,
          "denominator_summed_mean_envelope": 203938.82120237395,
          "denominator_summed_centered_envelope": 955722.5397350491,
          "denominator_summed_budget": 1159661.360937423,
          "denominator_summed_signed_mean_contribution": -5169.70134427037
        },
        {
          "block_index": 2,
          "label": "D512",
          "shell_lower": 512,
          "shell_upper": 1023,
          "actual_lower": 512,
          "actual_upper": 1023,
          "nonzero_mobius_divisor_count": 310,
          "positive_mobius_divisor_count": 155,
          "negative_mobius_divisor_count": 155,
          "outer_pair_count": 423775,
          "time_domain_l2_norm": 10030.609752011791,
          "time_domain_nonzero_count": 1603352,
          "denominator_summed_mean_envelope": 130233.1226578804,
          "denominator_summed_centered_envelope": 680204.1196882408,
          "denominator_summed_budget": 810437.2423461212,
          "denominator_summed_signed_mean_contribution": -7015.300040897538
        },
        {
          "block_index": 3,
          "label": "D1024",
          "shell_lower": 1024,
          "shell_upper": 2047,
          "actual_lower": 1024,
          "actual_upper": 2047,
          "nonzero_mobius_divisor_count": 621,
          "positive_mobius_divisor_count": 316,
          "negative_mobius_divisor_count": 305,
          "outer_pair_count": 457426,
          "time_domain_l2_norm": 8873.051639790425,
          "time_domain_nonzero_count": 1341471,
          "denominator_summed_mean_envelope": 73699.35969406711,
          "denominator_summed_centered_envelope": 428290.17512861046,
          "denominator_summed_budget": 501989.53482267755,
          "denominator_summed_signed_mean_contribution": 7322.2568185577165
        },
        {
          "block_index": 4,
          "label": "D2048",
          "shell_lower": 2048,
          "shell_upper": 4095,
          "actual_lower": 2048,
          "actual_upper": 4095,
          "nonzero_mobius_divisor_count": 1246,
          "positive_mobius_divisor_count": 610,
          "negative_mobius_divisor_count": 636,
          "outer_pair_count": 487583,
          "time_domain_l2_norm": 7686.602848438587,
          "time_domain_nonzero_count": 1128327,
          "denominator_summed_mean_envelope": 43368.03123804934,
          "denominator_summed_centered_envelope": 286787.061204817,
          "denominator_summed_budget": 330155.0924428663,
          "denominator_summed_signed_mean_contribution": 7804.364719858633
        },
        {
          "block_index": 5,
          "label": "D4096",
          "shell_lower": 4096,
          "shell_upper": 8191,
          "actual_lower": 4096,
          "actual_upper": 8191,
          "nonzero_mobius_divisor_count": 2491,
          "positive_mobius_divisor_count": 1266,
          "negative_mobius_divisor_count": 1225,
          "outer_pair_count": 499694,
          "time_domain_l2_norm": 6403.082587348305,
          "time_domain_nonzero_count": 948757,
          "denominator_summed_mean_envelope": 24337.931738172672,
          "denominator_summed_centered_envelope": 215895.940118776,
          "denominator_summed_budget": 240233.87185694865,
          "denominator_summed_signed_mean_contribution": 8874.059232930964
        },
        {
          "block_index": 6,
          "label": "D8192",
          "shell_lower": 8192,
          "shell_upper": 16383,
          "actual_lower": 8192,
          "actual_upper": 16383,
          "nonzero_mobius_divisor_count": 4980,
          "positive_mobius_divisor_count": 2463,
          "negative_mobius_divisor_count": 2517,
          "outer_pair_count": 473295,
          "time_domain_l2_norm": 5001.254845164347,
          "time_domain_nonzero_count": 666848,
          "denominator_summed_mean_envelope": 13340.403579250162,
          "denominator_summed_centered_envelope": 154705.24983663746,
          "denominator_summed_budget": 168045.65341588762,
          "denominator_summed_signed_mean_contribution": 1928.5311406973813
        },
        {
          "block_index": 7,
          "label": "D16384",
          "shell_lower": 16384,
          "shell_upper": 32767,
          "actual_lower": 16384,
          "actual_upper": 32767,
          "nonzero_mobius_divisor_count": 9958,
          "positive_mobius_divisor_count": 5008,
          "negative_mobius_divisor_count": 4950,
          "outer_pair_count": 354544,
          "time_domain_l2_norm": 3449.0036142764166,
          "time_domain_nonzero_count": 369696,
          "denominator_summed_mean_envelope": 9669.872676767283,
          "denominator_summed_centered_envelope": 130033.59218559397,
          "denominator_summed_budget": 139703.46486236126,
          "denominator_summed_signed_mean_contribution": -6955.511112459411
        },
        {
          "block_index": 8,
          "label": "D32768",
          "shell_lower": 32768,
          "shell_upper": 65535,
          "actual_lower": 32768,
          "actual_upper": 48770,
          "nonzero_mobius_divisor_count": 9733,
          "positive_mobius_divisor_count": 4893,
          "negative_mobius_divisor_count": 4840,
          "outer_pair_count": 69523,
          "time_domain_l2_norm": 1411.8048249637582,
          "time_domain_nonzero_count": 68056,
          "denominator_summed_mean_envelope": 2046.1221866934936,
          "denominator_summed_centered_envelope": 41757.79865690205,
          "denominator_summed_budget": 43803.920843595544,
          "denominator_summed_signed_mean_contribution": -1011.7801954888865
        }
      ],
      "aggregate_real_gram_matrix": [
        [
          6199559862.003823,
          573499670.1495891,
          2879304373.3758116,
          1137056124.198483,
          298936360.1567123,
          500793684.99840635,
          140832071.84301397,
          -96475185.64705145,
          12319189.442069314
        ],
        [
          573499670.1495891,
          8166230721.524229,
          2125019390.1475308,
          1801568646.2944903,
          893402143.1029457,
          632371360.9296052,
          227387476.80614522,
          -176609879.33599213,
          45034168.69998197
        ],
        [
          2879304373.3758116,
          2125019390.1475308,
          3677253054.066323,
          1201353643.630693,
          633762575.234419,
          551941685.4814614,
          165073234.78801367,
          -49246674.84135704,
          22035610.273526866
        ],
        [
          1137056124.198483,
          1801568646.2944903,
          1201353643.630693,
          1488467440.5649953,
          274962565.4328797,
          338314600.335715,
          155349889.4667679,
          32611872.680822767,
          17880909.376869045
        ],
        [
          298936360.1567123,
          893402143.1029457,
          633762575.234419,
          274962565.4328797,
          594872205.4878428,
          86195961.45425785,
          66243528.46637657,
          -2762044.3822997212,
          14191856.435883861
        ],
        [
          500793684.99840635,
          632371360.9296052,
          551941685.4814614,
          338314600.335715,
          86195961.45425785,
          335445993.40716857,
          9275492.63414261,
          -7984744.888043821,
          4114581.5695817396
        ],
        [
          140832071.84301397,
          227387476.80614522,
          165073234.78801367,
          155349889.4667679,
          66243528.46637657,
          9275492.63414261,
          167750982.69438207,
          -9280406.769417489,
          -891249.7398032444
        ],
        [
          -96475185.64705145,
          -176609879.33599213,
          -49246674.84135704,
          32611872.680822767,
          -2762044.3822997212,
          -7984744.888043821,
          -9280406.769417489,
          124061191.79616559,
          747950.1745965049
        ],
        [
          12319189.442069314,
          45034168.69998197,
          22035610.273526866,
          17880909.376869045,
          14191856.435883861,
          4114581.5695817396,
          -891249.7398032444,
          747950.1745965049,
          12034772.668322083
        ]
      ],
      "geometry_weighted_real_gram_matrix": [
        [
          48838355250.53639,
          7968759868.046608,
          24454263039.76853,
          9374183627.437466,
          2553283313.0715027,
          4774826579.709241,
          1274469291.2434874,
          -449592690.6358944,
          108381985.47373587
        ],
        [
          7968759868.046608,
          65856272515.136765,
          20757320914.23318,
          17130967150.658617,
          7223056692.891806,
          6138940502.858883,
          1898611891.2273202,
          -1222598039.8214252,
          348480109.78121126
        ],
        [
          24454263039.76853,
          20757320914.23318,
          33153058512.153862,
          11497795766.394585,
          6011235120.484088,
          5355134380.80386,
          1772059125.5684364,
          -293203096.7648687,
          153295724.85281864
        ],
        [
          9374183627.437466,
          17130967150.658617,
          11497795766.394585,
          13598816923.73814,
          2759340010.564962,
          3304693889.15982,
          1509380297.2263513,
          418935385.64818615,
          143437519.4023322
        ],
        [
          2553283313.0715027,
          7223056692.891806,
          6011235120.484088,
          2759340010.564962,
          5149400258.824662,
          1066206216.2246659,
          707241855.9990743,
          155887135.0443392,
          140452362.97942442
        ],
        [
          4774826579.709241,
          6138940502.858883,
          5355134380.80386,
          3304693889.15982,
          1066206216.2246659,
          2883006339.877944,
          247079390.4231538,
          50113208.7293953,
          41624834.13069931
        ],
        [
          1274469291.2434874,
          1898611891.2273202,
          1772059125.5684364,
          1509380297.2263513,
          707241855.9990743,
          247079390.4231538,
          1454852004.6204746,
          -44347205.781663135,
          -12902317.845270574
        ],
        [
          -449592690.6358944,
          -1222598039.8214252,
          -293203096.7648687,
          418935385.64818615,
          155887135.0443392,
          50113208.7293953,
          -44347205.781663135,
          1017981460.3465173,
          12005264.072058268
        ],
        [
          108381985.47373587,
          348480109.78121126,
          153295724.85281864,
          143437519.4023322,
          140452362.97942442,
          41624834.13069931,
          -12902317.845270574,
          12005264.072058268,
          95313062.29055417
        ]
      ],
      "geometry_weighted_block_pair_profile": [
        {
          "left_block": "D128",
          "right_block": "D512",
          "geometry_weighted_interaction_energy": 48908526079.53706,
          "effect": "adverse_reinforcement"
        },
        {
          "left_block": "D256",
          "right_block": "D512",
          "geometry_weighted_interaction_energy": 41514641828.46636,
          "effect": "adverse_reinforcement"
        },
        {
          "left_block": "D256",
          "right_block": "D1024",
          "geometry_weighted_interaction_energy": 34261934301.317234,
          "effect": "adverse_reinforcement"
        },
        {
          "left_block": "D512",
          "right_block": "D1024",
          "geometry_weighted_interaction_energy": 22995591532.78917,
          "effect": "adverse_reinforcement"
        },
        {
          "left_block": "D128",
          "right_block": "D1024",
          "geometry_weighted_interaction_energy": 18748367254.87493,
          "effect": "adverse_reinforcement"
        },
        {
          "left_block": "D128",
          "right_block": "D256",
          "geometry_weighted_interaction_energy": 15937519736.093216,
          "effect": "adverse_reinforcement"
        },
        {
          "left_block": "D256",
          "right_block": "D2048",
          "geometry_weighted_interaction_energy": 14446113385.783611,
          "effect": "adverse_reinforcement"
        },
        {
          "left_block": "D256",
          "right_block": "D4096",
          "geometry_weighted_interaction_energy": 12277881005.717766,
          "effect": "adverse_reinforcement"
        },
        {
          "left_block": "D512",
          "right_block": "D2048",
          "geometry_weighted_interaction_energy": 12022470240.968176,
          "effect": "adverse_reinforcement"
        },
        {
          "left_block": "D512",
          "right_block": "D4096",
          "geometry_weighted_interaction_energy": 10710268761.60772,
          "effect": "adverse_reinforcement"
        },
        {
          "left_block": "D128",
          "right_block": "D4096",
          "geometry_weighted_interaction_energy": 9549653159.418482,
          "effect": "adverse_reinforcement"
        },
        {
          "left_block": "D1024",
          "right_block": "D4096",
          "geometry_weighted_interaction_energy": 6609387778.31964,
          "effect": "adverse_reinforcement"
        },
        {
          "left_block": "D1024",
          "right_block": "D2048",
          "geometry_weighted_interaction_energy": 5518680021.129924,
          "effect": "adverse_reinforcement"
        },
        {
          "left_block": "D128",
          "right_block": "D2048",
          "geometry_weighted_interaction_energy": 5106566626.143005,
          "effect": "adverse_reinforcement"
        },
        {
          "left_block": "D256",
          "right_block": "D8192",
          "geometry_weighted_interaction_energy": 3797223782.4546404,
          "effect": "adverse_reinforcement"
        },
        {
          "left_block": "D512",
          "right_block": "D8192",
          "geometry_weighted_interaction_energy": 3544118251.136873,
          "effect": "adverse_reinforcement"
        },
        {
          "left_block": "D1024",
          "right_block": "D8192",
          "geometry_weighted_interaction_energy": 3018760594.4527025,
          "effect": "adverse_reinforcement"
        },
        {
          "left_block": "D128",
          "right_block": "D8192",
          "geometry_weighted_interaction_energy": 2548938582.4869747,
          "effect": "adverse_reinforcement"
        },
        {
          "left_block": "D256",
          "right_block": "D16384",
          "geometry_weighted_interaction_energy": -2445196079.6428504,
          "effect": "favorable_cancellation"
        },
        {
          "left_block": "D2048",
          "right_block": "D4096",
          "geometry_weighted_interaction_energy": 2132412432.4493318,
          "effect": "adverse_reinforcement"
        },
        {
          "left_block": "D2048",
          "right_block": "D8192",
          "geometry_weighted_interaction_energy": 1414483711.9981487,
          "effect": "adverse_reinforcement"
        },
        {
          "left_block": "D128",
          "right_block": "D16384",
          "geometry_weighted_interaction_energy": -899185381.2717888,
          "effect": "favorable_cancellation"
        },
        {
          "left_block": "D1024",
          "right_block": "D16384",
          "geometry_weighted_interaction_energy": 837870771.2963723,
          "effect": "adverse_reinforcement"
        },
        {
          "left_block": "D256",
          "right_block": "D32768",
          "geometry_weighted_interaction_energy": 696960219.5624225,
          "effect": "adverse_reinforcement"
        },
        {
          "left_block": "D512",
          "right_block": "D16384",
          "geometry_weighted_interaction_energy": -586406193.5297374,
          "effect": "favorable_cancellation"
        },
        {
          "left_block": "D4096",
          "right_block": "D8192",
          "geometry_weighted_interaction_energy": 494158780.8463076,
          "effect": "adverse_reinforcement"
        },
        {
          "left_block": "D2048",
          "right_block": "D16384",
          "geometry_weighted_interaction_energy": 311774270.0886784,
          "effect": "adverse_reinforcement"
        },
        {
          "left_block": "D512",
          "right_block": "D32768",
          "geometry_weighted_interaction_energy": 306591449.7056373,
          "effect": "adverse_reinforcement"
        },
        {
          "left_block": "D1024",
          "right_block": "D32768",
          "geometry_weighted_interaction_energy": 286875038.8046644,
          "effect": "adverse_reinforcement"
        },
        {
          "left_block": "D2048",
          "right_block": "D32768",
          "geometry_weighted_interaction_energy": 280904725.95884883,
          "effect": "adverse_reinforcement"
        },
        {
          "left_block": "D128",
          "right_block": "D32768",
          "geometry_weighted_interaction_energy": 216763970.94747174,
          "effect": "adverse_reinforcement"
        },
        {
          "left_block": "D4096",
          "right_block": "D16384",
          "geometry_weighted_interaction_energy": 100226417.4587906,
          "effect": "adverse_reinforcement"
        },
        {
          "left_block": "D8192",
          "right_block": "D16384",
          "geometry_weighted_interaction_energy": -88694411.56332627,
          "effect": "favorable_cancellation"
        },
        {
          "left_block": "D4096",
          "right_block": "D32768",
          "geometry_weighted_interaction_energy": 83249668.26139861,
          "effect": "adverse_reinforcement"
        },
        {
          "left_block": "D8192",
          "right_block": "D32768",
          "geometry_weighted_interaction_energy": -25804635.69054115,
          "effect": "favorable_cancellation"
        },
        {
          "left_block": "D16384",
          "right_block": "D32768",
          "geometry_weighted_interaction_energy": 24010528.144116536,
          "effect": "adverse_reinforcement"
        }
      ],
      "dyadic_denominator_profile": [
        {
          "right_denominator": 2,
          "numerator_count": 1,
          "signed_mean_envelope": 209808.6226031072,
          "independent_dyadic_mean_envelope": 213246.1166608626,
          "block_mean_signed_contributions": [
            25355.850376083494,
            75964.91144686569,
            46627.941227748364,
            29759.582739728197,
            20226.9773152691,
            7962.953948648771,
            5629.152577641265,
            -1580.1467334857957,
            -138.60029539191356
          ],
          "signed_centered_envelope": 0.0,
          "independent_dyadic_centered_envelope": 0.0,
          "diagonal_centered_energy": 0.0,
          "off_diagonal_centered_energy": 0.0,
          "signed_centered_energy": 0.0,
          "projected_phase_l2_norm": 0.0,
          "geometry_weighted_off_diagonal_energy": 0.0,
          "cross_cancellation_fraction": 0.0,
          "gram_identity_error": 0.0,
          "real_gram_matrix": [
            [
              0.0,
              0.0,
              0.0,
              0.0,
              0.0,
              0.0,
              0.0,
              0.0,
              0.0
            ],
            [
              0.0,
              0.0,
              0.0,
              0.0,
              0.0,
              0.0,
              0.0,
              0.0,
              0.0
            ],
            [
              0.0,
              0.0,
              0.0,
              0.0,
              0.0,
              0.0,
              0.0,
              0.0,
              0.0
            ],
            [
              0.0,
              0.0,
              0.0,
              0.0,
              0.0,
              0.0,
              0.0,
              0.0,
              0.0
            ],
            [
              0.0,
              0.0,
              0.0,
              0.0,
              0.0,
              0.0,
              0.0,
              0.0,
              0.0
            ],
            [
              0.0,
              0.0,
              0.0,
              0.0,
              0.0,
              0.0,
              0.0,
              0.0,
              0.0
            ],
            [
              0.0,
              0.0,
              0.0,
              0.0,
              0.0,
              0.0,
              0.0,
              0.0,
              0.0
            ],
            [
              0.0,
              0.0,
              0.0,
              0.0,
              0.0,
              0.0,
              0.0,
              0.0,
              0.0
            ],
            [
              0.0,
              0.0,
              0.0,
              0.0,
              0.0,
              0.0,
              0.0,
              0.0,
              0.0
            ]
          ]
        },
        {
          "right_denominator": 3,
          "numerator_count": 1,
          "signed_mean_envelope": 34880.06828236672,
          "independent_dyadic_mean_envelope": 44184.412778168364,
          "block_mean_signed_contributions": [
            4652.17224790082,
            -17800.91617719608,
            -10724.793606426605,
            -5782.102236715515,
            -2799.9353947499635,
            -680.9621451654092,
            -401.1848700439599,
            -1173.7713076580649,
            -168.5747923119513
          ],
          "signed_centered_envelope": 0.0,
          "independent_dyadic_centered_envelope": 0.0,
          "diagonal_centered_energy": 0.0,
          "off_diagonal_centered_energy": 0.0,
          "signed_centered_energy": 0.0,
          "projected_phase_l2_norm": 0.0,
          "geometry_weighted_off_diagonal_energy": 0.0,
          "cross_cancellation_fraction": 0.0,
          "gram_identity_error": 0.0,
          "real_gram_matrix": [
            [
              0.0,
              0.0,
              0.0,
              0.0,
              0.0,
              0.0,
              0.0,
              0.0,
              0.0
            ],
            [
              0.0,
              0.0,
              0.0,
              0.0,
              0.0,
              0.0,
              0.0,
              0.0,
              0.0
            ],
            [
              0.0,
              0.0,
              0.0,
              0.0,
              0.0,
              0.0,
              0.0,
              0.0,
              0.0
            ],
            [
              0.0,
              0.0,
              0.0,
              0.0,
              0.0,
              0.0,
              0.0,
              0.0,
              0.0
            ],
            [
              0.0,
              0.0,
              0.0,
              0.0,
              0.0,
              0.0,
              0.0,
              0.0,
              0.0
            ],
            [
              0.0,
              0.0,
              0.0,
              0.0,
              0.0,
